  0   0   0   0   0   0   0   0   0   0   0   0   0   0   0   0
  0   0   0   0   0   0   0   0   0   0   0   0   0   0   0   0
  0   0   0   0   0 120 120  95  24   0   0 120 120  56   0   0
  0   0   0   0   0 255 255 203  52   0   0 255 255 120   0   0
  0   0   0   0   0 255 255 203  52   0   0 255 255 120   0   0
  0   0 120 255 255   0   0  52 203 255 255   0   0   0   0   0
  0   0 120 255 255   0   0  52 203 255 255   0   0   0   0   0
  0   0  95 203 203  52  52  83 173 203 203   0   0   0   0   0
  0   0  24  52  52 203 203 173  83  52  52   0   0   0   0   0
  0   0   0   0   0 255 255 203  52   0   0   0   0   0   0   0
  0   0   0   0   0 255 255 203  52   0   0   0   0   0   0   0
  0   0 120 255 255   0   0   0   0   0   0   0   0   0   0   0
  0   0 120 255 255   0   0   0   0   0   0   0   0   0   0   0
  0   0  56 120 120   0   0   0   0   0   0   0   0   0   0   0
  0   0   0   0   0   0   0   0   0   0   0   0   0   0   0   0
  0   0   0   0   0   0   0   0   0   0   0   0   0   0   0   0
  0   0   0   0   0   0   0   0   0   0   0   0   0   0   0   0
  0   0   0   0   0   0   0   0   0   0   0   0   0   0   0   0
  0   0   0   0   0 120 120  95  24   0   0 120 120  56   0   0
  0   0   0   0   0 255 255 203  52   0   0 255 255 120   0   0
  0   0   0   0   0 255 255 203  52   0   0 255 255 120   0   0
  0   0 120 255 255   0   0  52 203 255 255   0   0   0   0   0
  0   0 120 255 255   0   0  52 203 255 255   0   0   0   0   0
  0   0  95 203 203  52  52  83 173 203 203   0   0   0   0   0
  0   0  24  52  52 203 203 173  83  52  52   0   0   0   0   0
  0   0   0   0   0 255 255 203  52   0   0   0   0   0   0   0
  0   0   0   0   0 255 255 203  52   0   0   0   0   0   0   0
  0   0 120 255 255   0   0   0   0   0   0   0   0   0   0   0
  0   0 120 255 255   0   0   0   0   0   0   0   0   0   0   0
  0   0  56 120 120   0   0   0   0   0   0   0   0   0   0   0
  0   0   0   0   0   0   0   0   0   0   0   0   0   0   0   0
  0   0   0   0   0   0   0   0   0   0   0   0   0   0   0   0
  0   0   0   0   0   0   0   0   0   0   0   0   0   0   0   0
  0   0   0   0   0   0   0   0   0   0   0   0   0   0   0   0
  0   0   0   0   0 120 120  95  24   0   0 120 120  56   0   0
  0   0   0   0   0 255 255 203  52   0   0 255 255 120   0   0
  0   0   0   0   0 255 255 203  52   0   0 255 255 120   0   0
  0   0 120 255 255   0   0  52 203 255 255   0   0   0   0   0
  0   0 120 255 255   0   0  52 203 255 255   0   0   0   0   0
  0   0  95 203 203  52  52  83 173 203 203   0   0   0   0   0
  0   0  24  52  52 203 203 173  83  52  52   0   0   0   0   0
  0   0   0   0   0 255 255 203  52   0   0   0   0   0   0   0
  0   0   0   0   0 255 255 203  52   0   0   0   0   0   0   0
  0   0 120 255 255   0   0   0   0   0   0   0   0   0   0   0
  0   0 120 255 255   0   0   0   0   0   0   0   0   0   0   0
  0   0  56 120 120   0   0   0   0   0   0   0   0   0   0   0
  0   0   0   0   0   0   0   0   0   0   0   0   0   0   0   0
  0   0   0   0   0   0   0   0   0   0   0   0   0   0   0   0

  0   0   0   0   0   0   0   0   0   0   0   0   0   0   0   0
  0   0   0   0   0   0   0   0   0   0   0   0   0   0   0   0
  0   0  56 120 120   0   0   0   0   0   0   0   0   0   0   0
  0   0 120 255 255   0   0   0   0   0   0   0   0   0   0   0
  0   0 120 255 255   0   0   0   0   0   0   0   0   0   0   0
  0   0   0   0   0 255 255 203  52   0   0   0   0   0   0   0
  0   0   0   0   0 255 255 203  52   0   0   0   0   0   0   0
  0   0  24  52  52 203 203 173  83  52  52   0   0   0   0   0
  0   0  95 203 203  52  52  83 173 203 203   0   0   0   0   0
  0   0 120 255 255   0   0  52 203 255 255   0   0   0   0   0
  0   0 120 255 255   0   0  52 203 255 255   0   0   0   0   0
  0   0   0   0   0 255 255 203  52   0   0 255 255 120   0   0
  0   0   0   0   0 255 255 203  52   0   0 255 255 120   0   0
  0   0   0   0   0 120 120  95  24   0   0 120 120  56   0   0
  0   0   0   0   0   0   0   0   0   0   0   0   0   0   0   0
  0   0   0   0   0   0   0   0   0   0   0   0   0   0   0   0
  0   0   0   0   0   0   0   0   0   0   0   0   0   0   0   0
  0   0   0   0   0   0   0   0   0   0   0   0   0   0   0   0
  0   0  56 120 120   0   0   0   0   0   0   0   0   0   0   0
  0   0 120 255 255   0   0   0   0   0   0   0   0   0   0   0
  0   0 120 255 255   0   0   0   0   0   0   0   0   0   0   0
  0   0   0   0   0 255 255 203  52   0   0   0   0   0   0   0
  0   0   0   0   0 255 255 203  52   0   0   0   0   0   0   0
  0   0  24  52  52 203 203 173  83  52  52   0   0   0   0   0
  0   0  95 203 203  52  52  83 173 203 203   0   0   0   0   0
  0   0 120 255 255   0   0  52 203 255 255   0   0   0   0   0
  0   0 120 255 255   0   0  52 203 255 255   0   0   0   0   0
  0   0   0   0   0 255 255 203  52   0   0 255 255 120   0   0
  0   0   0   0   0 255 255 203  52   0   0 255 255 120   0   0
  0   0   0   0   0 120 120  95  24   0   0 120 120  56   0   0
  0   0   0   0   0   0   0   0   0   0   0   0   0   0   0   0
  0   0   0   0   0   0   0   0   0   0   0   0   0   0   0   0
  0   0   0   0   0   0   0   0   0   0   0   0   0   0   0   0
  0   0   0   0   0   0   0   0   0   0   0   0   0   0   0   0
  0   0  56 120 120   0   0   0   0   0   0   0   0   0   0   0
  0   0 120 255 255   0   0   0   0   0   0   0   0   0   0   0
  0   0 120 255 255   0   0   0   0   0   0   0   0   0   0   0
  0   0   0   0   0 255 255 203  52   0   0   0   0   0   0   0
  0   0   0   0   0 255 255 203  52   0   0   0   0   0   0   0
  0   0  24  52  52 203 203 173  83  52  52   0   0   0   0   0
  0   0  95 203 203  52  52  83 173 203 203   0   0   0   0   0
  0   0 120 255 255   0   0  52 203 255 255   0   0   0   0   0
  0   0 120 255 255   0   0  52 203 255 255   0   0   0   0   0
  0   0   0   0   0 255 255 203  52   0   0 255 255 120   0   0
  0   0   0   0   0 255 255 203  52   0   0 255 255 120   0   0
  0   0   0   0   0 120 120  95  24   0   0 120 120  56   0   0
  0   0   0   0   0   0   0   0   0   0   0   0   0   0   0   0
  0   0   0   0   0   0   0   0   0   0   0   0   0   0   0   0

  0   0   0   0   0   0   0   0   0   0   0   0   0   0   0   0
  0   0   0   0   0   0   0   0   0   0   0   3   3   1   0   0
  0   0   0   0   0   0   0   0   0   0  25 122 118  51   1   0
  0   0   0   0   0   0   0   0   0   0  51 248 240 105   2   0
  0   0   0   0   0   0   0   0   0   0  53 255 246 108   2   0
  0   0   0   0   0   0   0  44 165 204 171  49  47  20   0   0
  0   0   0   0   0   0   0  55 207 255 201   0   0   0   0   0
  0   0   0   0   0  44  55  86 172 199 168  55  53  23   0   0
  0   0   0   0   0 165 207 172  77  47  80 207 200  87   2   0
  0   0   0   0   0 204 255 199  47   0  53 255 246 108   2   0
  0   0  25  51  53 171 201 168  80  53  84 201 194  85   2   0
  0   3 122 248 255  49   0  55 207 255 201   0   0   0   0   0
  0   3 118 240 246  47   0  53 200 246 194   0   0   0   0   0
  0   1  51 105 108  20   0  23  87 108  85   0   0   0   0   0
  0   0   1   2   2   0   0   0   2   2   2   0   0   0   0   0
  0   0   0   0   0   0   0   0   0   0   0   0   0   0   0   0
  0   0   0   0   0   0   0   0   0   0   0   0   0   0   0   0
  0   0   0   0   0   0   0   0   0   0   0   3   3   1   0   0
  0   0   0   0   0   0   0   0   0   0  25 122 118  51   1   0
  0   0   0   0   0   0   0   0   0   0  51 248 240 105   2   0
  0   0   0   0   0   0   0   0   0   0  53 255 246 108   2   0
  0   0   0   0   0   0   0  44 165 204 171  49  47  20   0   0
  0   0   0   0   0   0   0  55 207 255 201   0   0   0   0   0
  0   0   0   0   0  44  55  86 172 199 168  55  53  23   0   0
  0   0   0   0   0 165 207 172  77  47  80 207 200  87   2   0
  0   0   0   0   0 204 255 199  47   0  53 255 246 108   2   0
  0   0  25  51  53 171 201 168  80  53  84 201 194  85   2   0
  0   3 122 248 255  49   0  55 207 255 201   0   0   0   0   0
  0   3 118 240 246  47   0  53 200 246 194   0   0   0   0   0
  0   1  51 105 108  20   0  23  87 108  85   0   0   0   0   0
  0   0   1   2   2   0   0   0   2   2   2   0   0   0   0   0
  0   0   0   0   0   0   0   0   0   0   0   0   0   0   0   0
  0   0   0   0   0   0   0   0   0   0   0   0   0   0   0   0
  0   0   0   0   0   0   0   0   0   0   0   3   3   1   0   0
  0   0   0   0   0   0   0   0   0   0  25 122 118  51   1   0
  0   0   0   0   0   0   0   0   0   0  51 248 240 105   2   0
  0   0   0   0   0   0   0   0   0   0  53 255 246 108   2   0
  0   0   0   0   0   0   0  44 165 204 171  49  47  20   0   0
  0   0   0   0   0   0   0  55 207 255 201   0   0   0   0   0
  0   0   0   0   0  44  55  86 172 199 168  55  53  23   0   0
  0   0   0   0   0 165 207 172  77  47  80 207 200  87   2   0
  0   0   0   0   0 204 255 199  47   0  53 255 246 108   2   0
  0   0  25  51  53 171 201 168  80  53  84 201 194  85   2   0
  0   3 122 248 255  49   0  55 207 255 201   0   0   0   0   0
  0   3 118 240 246  47   0  53 200 246 194   0   0   0   0   0
  0   1  51 105 108  20   0  23  87 108  85   0   0   0   0   0
  0   0   1   2   2   0   0   0   2   2   2   0   0   0   0   0
  0   0   0   0   0   0   0   0   0   0   0   0   0   0   0   0

  0   0   0   0   0   0   0   0   0   0   0   0   0   0   0   0
  0   0   1   3   3   1   0   1   3   3   3   0   0   0   0   0
  0   1  52 112 115  23   0  23  92 115  92   0   0   0   0   0
  0   3 112 240 247  50   0  50 197 247 197   0   0   0   0   0
  0   3 115 247 255  51   0  52 203 255 203   0   0   0   0   0
  0   1  23  50  51 172 203 172  82  51  82 203 197  92   3   0
  0   0   0   0   0 203 255 203  52   0  51 255 247 115   3   0
  0   0   0   0   0 161 203 172  82  52  82 203 197  92   3   0
  0   0   0   0   0  41  52  82 172 203 172  52  50  23   1   0
  0   0   0   0   0   0   0  52 203 255 203   0   0   0   0   0
  0   0   0   0   0   0   0  41 161 203 172  51  50  23   1   0
  0   0   0   0   0   0   0   0   0   0  51 255 247 115   3   0
  0   0   0   0   0   0   0   0   0   0  50 247 240 112   3   0
  0   0   0   0   0   0   0   0   0   0  23 115 112  52   1   0
  0   0   0   0   0   0   0   0   0   0   1   3   3   1   0   0
  0   0   0   0   0   0   0   0   0   0   0   0   0   0   0   0
  0   0   0   0   0   0   0   0   0   0   0   0   0   0   0   0
  0   0   1   3   3   1   0   1   3   3   3   0   0   0   0   0
  0   1  52 112 115  23   0  23  92 115  92   0   0   0   0   0
  0   3 112 240 247  50   0  50 197 247 197   0   0   0   0   0
  0   3 115 247 255  51   0  52 203 255 203   0   0   0   0   0
  0   1  23  50  51 172 203 172  82  51  82 203 197  92   3   0
  0   0   0   0   0 203 255 203  52   0  51 255 247 115   3   0
  0   0   0   0   0 161 203 172  82  52  82 203 197  92   3   0
  0   0   0   0   0  41  52  82 172 203 172  52  50  23   1   0
  0   0   0   0   0   0   0  52 203 255 203   0   0   0   0   0
  0   0   0   0   0   0   0  41 161 203 172  51  50  23   1   0
  0   0   0   0   0   0   0   0   0   0  51 255 247 115   3   0
  0   0   0   0   0   0   0   0   0   0  50 247 240 112   3   0
  0   0   0   0   0   0   0   0   0   0  23 115 112  52   1   0
  0   0   0   0   0   0   0   0   0   0   1   3   3   1   0   0
  0   0   0   0   0   0   0   0   0   0   0   0   0   0   0   0
  0   0   0   0   0   0   0   0   0   0   0   0   0   0   0   0
  0   0   1   3   3   1   0   1   3   3   3   0   0   0   0   0
  0   1  52 112 115  23   0  23  92 115  92   0   0   0   0   0
  0   3 112 240 247  50   0  50 197 247 197   0   0   0   0   0
  0   3 115 247 255  51   0  52 203 255 203   0   0   0   0   0
  0   1  23  50  51 172 203 172  82  51  82 203 197  92   3   0
  0   0   0   0   0 203 255 203  52   0  51 255 247 115   3   0
  0   0   0   0   0 161 203 172  82  52  82 203 197  92   3   0
  0   0   0   0   0  41  52  82 172 203 172  52  50  23   1   0
  0   0   0   0   0   0   0  52 203 255 203   0   0   0   0   0
  0   0   0   0   0   0   0  41 161 203 172  51  50  23   1   0
  0   0   0   0   0   0   0   0   0   0  51 255 247 115   3   0
  0   0   0   0   0   0   0   0   0   0  50 247 240 112   3   0
  0   0   0   0   0   0   0   0   0   0  23 115 112  52   1   0
  0   0   0   0   0   0   0   0   0   0   1   3   3   1   0   0
  0   0   0   0   0   0   0   0   0   0   0   0   0   0   0   0
